initial: 6
0.50709 0.49291 0.00000 0.00000 0.00000 0.00000

transition: 6
0.29156 0.50904 0.00645 0.19267 0.00000 0.00027
0.00046 0.50253 0.19861 0.00000 0.00000 0.29839
0.00254 0.00016 0.20229 0.78877 0.00000 0.00624
0.00016 0.00087 0.00427 0.28146 0.51345 0.19980
0.00000 0.00000 0.00000 0.00000 0.50086 0.49914
0.59847 0.00000 0.20655 0.19498 0.00000 0.00000

observation: 6
0.00028 0.29928 0.00143 0.09975 0.29888 0.09848
0.10000 0.39610 0.00000 0.10135 0.00000 0.10055
0.40422 0.20028 0.48989 0.29587 0.30237 0.00000
0.49550 0.10434 0.50703 0.40304 0.00000 0.00000
0.00000 0.00000 0.00165 0.09999 0.00000 0.80098
0.00000 0.00000 0.00000 0.00000 0.39875 0.00000
