initial: 6
0.50714 0.49286 0.00000 0.00000 0.00000 0.00000

transition: 6
0.29151 0.50895 0.00660 0.19259 0.00000 0.00036
0.00059 0.50246 0.19858 0.00000 0.00000 0.29837
0.00237 0.00019 0.20249 0.78882 0.00000 0.00613
0.00015 0.00100 0.00427 0.28114 0.51362 0.19983
0.00000 0.00000 0.00000 0.00000 0.50086 0.49914
0.59855 0.00000 0.20657 0.19488 0.00000 0.00000

observation: 6
0.00025 0.29929 0.00154 0.09976 0.29887 0.09846
0.10000 0.39611 0.00000 0.10135 0.00000 0.10055
0.40423 0.20028 0.48978 0.29585 0.30237 0.00000
0.49552 0.10432 0.50696 0.40304 0.00000 0.00000
0.00000 0.00000 0.00173 0.09999 0.00000 0.80099
0.00000 0.00000 0.00000 0.00000 0.39875 0.00000
