initial: 6
0.71976 0.00057 0.09156 0.18811 0.00000 0.00000

transition: 6
0.30875 0.00134 0.49329 0.00026 0.00000 0.19636
0.00078 0.20079 0.79729 0.00113 0.00000 0.00000
0.00038 0.49935 0.20144 0.29882 0.00000 0.00000
0.00001 0.20218 0.00001 0.59786 0.00000 0.19994
0.10510 0.00000 0.00000 0.00000 0.49656 0.39834
0.00006 0.39371 0.00000 0.00000 0.30063 0.30560

observation: 6
0.99518 0.49820 0.29800 0.09824 0.00022 0.09834
0.00249 0.00009 0.39998 0.09994 0.10336 0.09753
0.00233 0.00203 0.20070 0.80182 0.09021 0.30897
0.00000 0.49959 0.10128 0.00000 0.00330 0.39591
0.00000 0.00009 0.00004 0.00000 0.00189 0.09925
0.00000 0.00000 0.00000 0.00000 0.80102 0.00000
