initial: 6
0.50758 0.49242 0.00000 0.00000 0.00000 0.00000

transition: 6
0.29196 0.50811 0.00648 0.19313 0.00000 0.00032
0.00066 0.50198 0.19887 0.00000 0.00000 0.29849
0.00231 0.00018 0.20239 0.78871 0.00000 0.00642
0.00015 0.00102 0.00444 0.28174 0.51274 0.19992
0.00000 0.00000 0.00000 0.00000 0.50079 0.49921
0.59860 0.00000 0.20649 0.19491 0.00000 0.00000

observation: 6
0.00020 0.29978 0.00140 0.10011 0.29875 0.09838
0.09987 0.39657 0.00000 0.10145 0.00000 0.10062
0.40443 0.19997 0.49030 0.29588 0.30230 0.00000
0.49549 0.10368 0.50670 0.40262 0.00000 0.00000
0.00000 0.00000 0.00160 0.09995 0.00000 0.80101
0.00000 0.00000 0.00000 0.00000 0.39895 0.00000
