initial: 6
0.71833 0.00256 0.09162 0.18750 0.00000 0.00000

transition: 6
0.29581 0.00864 0.50576 0.00047 0.00000 0.18931
0.19914 0.20151 0.59899 0.00001 0.00033 0.00001
0.00273 0.49653 0.20069 0.30002 0.00000 0.00003
0.00004 0.20206 0.00040 0.59755 0.00000 0.19995
0.10739 0.00000 0.00000 0.00000 0.50050 0.39212
0.00026 0.39461 0.00000 0.00000 0.30413 0.30100

observation: 6
0.69579 0.49804 0.30224 0.10015 0.00008 0.09746
0.00130 0.00074 0.39855 0.09933 0.10277 0.09741
0.30290 0.00018 0.20039 0.19619 0.09775 0.30225
0.00000 0.50104 0.09871 0.00000 0.00113 0.40378
0.00000 0.00000 0.00011 0.60434 0.00291 0.09910
0.00000 0.00000 0.00000 0.00000 0.79537 0.00000
