initial: 6
0.71974 0.00056 0.09158 0.18813 0.00000 0.00000

transition: 6
0.30880 0.00111 0.49359 0.00017 0.00000 0.19633
0.00085 0.20045 0.79788 0.00082 0.00000 0.00000
0.00030 0.49910 0.20170 0.29890 0.00000 0.00000
0.00001 0.20217 0.00001 0.59793 0.00000 0.19989
0.10511 0.00000 0.00000 0.00000 0.49610 0.39879
0.00004 0.39344 0.00000 0.00000 0.30048 0.30604

observation: 6
0.99518 0.49830 0.29799 0.09831 0.00014 0.09834
0.00250 0.00005 0.39978 0.09995 0.10335 0.09756
0.00231 0.00189 0.20081 0.80173 0.09014 0.30888
0.00000 0.49967 0.10138 0.00000 0.00286 0.39596
0.00000 0.00010 0.00004 0.00000 0.00179 0.09926
0.00000 0.00000 0.00000 0.00000 0.80172 0.00000
