initial: 6
0.00001 0.10358 0.09698 0.21041 0.00000 0.58902

transition: 6
0.20210 0.20297 0.59477 0.00000 0.00017 0.00000
0.01048 0.28728 0.51389 0.00017 0.00012 0.18807
0.49533 0.00607 0.19704 0.30156 0.00000 0.00000
0.20093 0.00016 0.00096 0.59889 0.00000 0.19906
0.00000 0.10213 0.00000 0.00000 0.50115 0.39672
0.39724 0.00002 0.00000 0.00000 0.30274 0.30000

observation: 6
0.49476 0.69932 0.30274 0.10026 0.00000 0.09864
0.00170 0.00140 0.39891 0.09968 0.10273 0.09591
0.00000 0.29870 0.20001 0.19641 0.09754 0.30177
0.50354 0.00058 0.09826 0.00000 0.00198 0.40263
0.00000 0.00000 0.00008 0.60365 0.00188 0.10105
0.00000 0.00000 0.00000 0.00000 0.79588 0.00000
