initial: 6
0.00000 0.10388 0.09667 0.21041 0.00000 0.58904

transition: 6
0.20209 0.20403 0.59382 0.00000 0.00006 0.00000
0.01280 0.28722 0.51201 0.00035 0.00005 0.18758
0.49530 0.00630 0.19643 0.30197 0.00000 0.00000
0.20081 0.00026 0.00099 0.59885 0.00000 0.19910
0.00000 0.10225 0.00000 0.00000 0.50137 0.39638
0.39714 0.00003 0.00000 0.00000 0.30291 0.29991

observation: 6
0.49459 0.69863 0.30236 0.10025 0.00001 0.09885
0.00179 0.00182 0.39944 0.09961 0.10265 0.09589
0.00000 0.29862 0.19986 0.19638 0.09765 0.30163
0.50362 0.00092 0.09823 0.00000 0.00223 0.40260
0.00000 0.00000 0.00010 0.60376 0.00189 0.10103
0.00000 0.00000 0.00000 0.00000 0.79556 0.00000
