initial: 6
0.71827 0.00254 0.09166 0.18753 0.00000 0.00000

transition: 6
0.29578 0.00854 0.50637 0.00050 0.00000 0.18881
0.19911 0.20115 0.59936 0.00002 0.00036 0.00001
0.00304 0.49623 0.20089 0.29981 0.00000 0.00003
0.00007 0.20248 0.00037 0.59761 0.00000 0.19947
0.10759 0.00000 0.00000 0.00000 0.49941 0.39300
0.00036 0.39392 0.00000 0.00000 0.30413 0.30158

observation: 6
0.69563 0.49750 0.30273 0.09996 0.00004 0.09685
0.00127 0.00073 0.39808 0.09965 0.10227 0.09742
0.30309 0.00016 0.20030 0.19614 0.09677 0.30270
0.00000 0.50160 0.09881 0.00000 0.00055 0.40388
0.00000 0.00000 0.00007 0.60424 0.00274 0.09915
0.00000 0.00000 0.00000 0.00000 0.79762 0.00000
