initial: 6
0.71799 0.00249 0.09195 0.18756 0.00000 0.00000

transition: 6
0.29583 0.00795 0.50683 0.00039 0.00000 0.18900
0.19891 0.20094 0.59976 0.00001 0.00038 0.00001
0.00293 0.49605 0.20134 0.29966 0.00000 0.00002
0.00004 0.20242 0.00051 0.59757 0.00000 0.19945
0.10759 0.00000 0.00000 0.00000 0.49928 0.39314
0.00028 0.39390 0.00000 0.00000 0.30409 0.30174

observation: 6
0.69575 0.49764 0.30285 0.09997 0.00002 0.09684
0.00116 0.00059 0.39792 0.09965 0.10232 0.09743
0.30309 0.00013 0.20031 0.19617 0.09675 0.30269
0.00000 0.50164 0.09885 0.00000 0.00040 0.40390
0.00000 0.00000 0.00006 0.60421 0.00273 0.09915
0.00000 0.00000 0.00000 0.00000 0.79779 0.00000
