initial: 6
0.00000 0.10358 0.09634 0.21030 0.00000 0.58978

transition: 6
0.20267 0.20399 0.59330 0.00000 0.00003 0.00000
0.01289 0.28716 0.51137 0.00032 0.00001 0.18826
0.49569 0.00589 0.19620 0.30222 0.00000 0.00000
0.20039 0.00015 0.00106 0.59879 0.00000 0.19961
0.00000 0.10204 0.00000 0.00000 0.50270 0.39526
0.39784 0.00002 0.00000 0.00000 0.30302 0.29912

observation: 6
0.49516 0.69888 0.30177 0.10047 0.00002 0.09952
0.00181 0.00185 0.39997 0.09926 0.10303 0.09592
0.00000 0.29845 0.20002 0.19644 0.09851 0.30137
0.50303 0.00082 0.09808 0.00000 0.00339 0.40218
0.00000 0.00000 0.00015 0.60383 0.00206 0.10101
0.00000 0.00000 0.00000 0.00000 0.79300 0.00000
